Original array:

5 | 3 | 2 | 16 |
9 | 8 | 10 | 17 |
4 | 7 | 11 | 18 |
2 | 5 | 9 | 12 |
7 | 9 | 4 | 10 |
Bubble sort array:

2 | 5 | 9 | 12 |
4 | 7 | 11 | 18 |
5 | 3 | 2 | 16 |
7 | 9 | 4 | 10 |
9 | 8 | 10 | 17 |
Selection sorted:

7 | 9 | 4 | 10 |
9 | 8 | 10 | 17 |
4 | 7 | 11 | 18 |
2 | 5 | 9 | 12 |
5 | 3 | 2 | 16 |
Shell sort:

5 | 3 | 2 | 16 |
7 | 9 | 4 | 10 |
2 | 5 | 9 | 12 |
9 | 8 | 10 | 17 |
4 | 7 | 11 | 18 |
Insertion sorted:

4 | 9 | 7 | 10 |
10 | 8 | 9 | 17 |
11 | 7 | 4 | 18 |
9 | 5 | 2 | 12 |
2 | 3 | 5 | 16 |
Please input a number to search: